161652193	5,0,14,22,15,4,0,0,0,0,1,1,0,10,906,151,8353,24,?	0	2	
161655281	0,6,0,12,19,1,7,0,0,3,5,18,15,2,686,54,4049,22,?	-1	2	
161657654	0,0,7,11,19,0,7,0,1,4,0,14,28,1,775,39,4370,20,?	-1	2	
161700025	0,11,0,11,21,4,9,0,0,4,7,14,17,1,684,41,5081,20,?	-1	2	
161702395	0,5,0,13,15,1,10,0,0,2,1,14,16,2,671,40,5260,21,?	-1	2	
161704715	0,0,0,10,12,8,14,0,0,5,2,3,9,1,493,30,8463,24,?	-2	2	
161707068	0,1,0,12,21,9,11,0,0,3,0,11,5,3,535,41,16238,22,?	-2	2	
161709459	0,12,0,15,17,3,2,0,0,0,0,4,0,3,606,74,16584,35,?	-2	2	
161711813	0,5,0,14,19,0,4,0,0,1,0,8,7,2,574,52,16434,20,?	0	2	
161714189	0,3,0,9,17,2,8,0,4,6,5,18,16,1,579,32,10207,26,?	-1	2	
